00000000
11111111
11111111
11111111
11111111
11111111
11111111
00000000
01001110
10011010
00000001
00000000
00000000
00000000
00000000
00000000
00010101
00011111
00000001
00000011
10000000
10000000
01001000
01111000
00001010
00000000
00000000
00000000
00000000
00000000
00000000
00000000
00000000
00000000
00000000
00100001
00001000
00000000
00000001
00000001
00000001
00000001
00000001
00000001
00000001
00000001
00000001
00000001
00000001
00000001
00000001
00000001
00000001
00000001
00000001
00011101
00000000
01110010
01010001
11010000
00011110
00100000
01101110
00101000
01010101
00000000
00100000
11000010
00110001
00000000
00000000
00011110
00000000
00000000
00000000
00010000
00000000
00000000
00000000
00000000
00000000
00000000
00000000
00000000
00000000
00000000
00000000
00000000
00000000
00000000
00000000
00000000
00000000
11111100
00000000
01010000
00100001
01011000
00110011
01001100
01000110
01001100
01010101
01011000
00001010
00100000
00100000
00100000
00000000
00000000
00000000
11111101
00000000
00111000
01000000
00101000
00110010
00001000
00000000
00001010
00100000
00100000
00100000
00100000
00100000
00100000
00000001
00111000
00000010
00000011
00001100
00000001
01100111
00000011
00001100
00000000
00010000
00000000
00100000
00111100
00000001
00011101
00000000
01110010
01010001
11010000
00011110
00100000
01101110
00101000
01010101
00000000
00100000
11000010
00110001
00000000
00000000
00011110
00000000
00000000
00000000
00000000
00000000
00000000
00000000
00000000
00000000
00000000
00000000
00000000
00000000
00000000
00000000
00000000
00000000
00000000
00000000
00000000
00000000
00000000
00000000
00000000
00000000
00000000
00000000
00000000
00000000
00000000
00000000
00000000
00000000
00000000
00000000
00000000
00000000
00000000
00000000
00000000
00000000
00000000
00000000
00000000
00000000
00000000
00000000
00000000
00000000
00000000
00000000
00000000
00000000
00000000
00000000
00000000
00000000
00000000
00000000
00000000
00000000
00000000
00000000
00000000
00000000
00000000
00000000
00000000
00000000
00000000
00000000
00000000
00000000
00000000
00000000
00000000
00000000
00000000
00000000
00000000
00000000
00000000
00000000
00000000
00000000
00000000
00000000
00000000
00000000
00000000
00000000
00000000
00000000
00000000
00000000
00000000
00000000
00000001
00000000
11111111
11111111
11111111
11111111
11111111
11111111
00000000
01001110
10011010
00000001
00000000
00000000
00000000
00000000
00000000
00010101
00011111
00000001
00000011
10000000
10000000
01001000
01111000
00001010
00000000
00000000
00000000
00000000
00000000
00000000
00000000
00000000
00000000
00000000
00100001
00001000
00000000
00000001
00000001
00000001
00000001
00000001
00000001
00000001
00000001
00000001
00000001
00000001
00000001
00000001
00000001
00000001
00000001
00000001
00011101
00000000
01110010
01010001
11010000
00011110
00100000
01101110
00101000
01010101
00000000
00100000
11000010
00110001
00000000
00000000
00011110
00000000
00000000
00000000
00010000
00000000
00000000
00000000
00000000
00000000
00000000
00000000
00000000
00000000
00000000
00000000
00000000
00000000
00000000
00000000
00000000
00000000
11111100
00000000
01010000
00100001
01011000
00110011
01001100
01000110
01001100
01010101
01011000
00001010
00100000
00100000
00100000
00000000
00000000
00000000
11111101
00000000
00111000
01000000
00101000
00110010
00001000
00000000
00001010
00100000
00100000
00100000
00100000
00100000
00100000
00000001
00111000
00000010
00000011
00010100
00000001
01100111
00000011
00001100
00000000
00010000
00000000
00100000
00111100
01100111
11011000
01011101
11000100
00000001
01111000
00000000
00000000
00000001
00011101
00000000
01110010
01010001
11010000
00011110
00100000
01101110
00101000
01010101
00000000
00100000
11000010
00110001
00000000
00000000
00011110
00000000
00000000
00000000
00000000
00000000
00000000
00000000
00000000
00000000
00000000
00000000
00000000
00000000
00000000
00000000
00000000
00000000
00000000
00000000
00000000
00000000
00000000
00000000
00000000
00000000
00000000
00000000
00000000
00000000
00000000
00000000
00000000
00000000
00000000
00000000
00000000
00000000
00000000
00000000
00000000
00000000
00000000
00000000
00000000
00000000
00000000
00000000
00000000
00000000
00000000
00000000
00000000
00000000
00000000
00000000
00000000
00000000
00000000
00000000
00000000
00000000
00000000
00000000
00000000
00000000
00000000
00000000
00000000
00000000
00000000
00000000
00000000
00000000
00000000
00000000
00000000
00000000
00000000
00000000
00000000
00000000
00000000
00000000
00000000
00000000
00000000
00000000
00000000
00000000
00100000
